TIME, DEVICE, OPERATION
000000,0,0
000000,1,0
000000,2,0
000000,3,0
000000,4,0
000000,7,0
000568,0,1
000679,0,0
001054,0,1
001191,0,0
001572,0,1
001695,0,0
002087,0,1
002652,0,0
003160,0,1
003460,1,1
003545,1,0
003668,0,0
003763,1,1
004176,0,1
004338,1,0
004684,0,0
005192,0,1
005390,1,1
005513,1,0
005700,0,0
005721,1,1
005851,1,0
006208,0,1
006340,1,1
006716,0,0
007002,1,0
007224,0,1
007433,1,1
007518,1,0
007732,0,0
007736,1,1
008240,0,1
008311,1,0
008748,0,0
009256,0,1
009499,1,1
009594,1,0
009705,1,1
009764,0,0
009914,1,0
010269,1,1
010272,0,1
010527,1,0
010780,0,0
010824,1,1
011288,0,1
011387,1,0
011550,1,1
011635,1,0
011796,0,0
011853,1,1
012304,0,1
012428,1,0
012812,0,0
013320,0,1
013480,1,1
013603,1,0
013811,1,1
013828,0,0
013941,1,0
014336,0,1
014430,1,1
014844,0,0
015092,1,0
015352,0,1
015523,1,1
015608,1,0
015826,1,1
015860,0,0
016368,0,1
016401,1,0
016876,0,0
017384,0,1
017589,1,1
017684,1,0
017795,1,1
017892,0,0
018004,1,0
018359,1,1
018400,0,1
018617,1,0
018908,0,0
018914,1,1
019416,0,1
019477,1,0
019624,1,1
019803,1,0
019915,1,1
019924,0,0
020432,0,1
020645,1,0
020703,1,1
020790,1,0
020940,0,0
020940,1,1
021199,1,0
021332,1,1
021421,1,0
021448,0,1
021545,1,1
021635,1,0
021951,1,1
021956,0,0
022369,1,0
022441,1,1
022464,0,1
022786,1,0
022906,1,1
022972,0,0
023480,0,1
023988,0,0
024324,1,0
024496,0,1
024630,1,1
025004,0,0
025512,0,1
026020,0,0
026528,0,1
026767,1,0
027036,0,0
027544,0,1
028052,0,0
028560,0,1
029068,0,0
029576,0,1
030084,0,0
030592,0,1
031100,0,0
031608,0,1
032116,0,0
032624,0,1
033132,0,0
033640,0,1
034148,0,0
034656,0,1
035164,0,0
035672,0,1
035784,2,1
036180,0,0
036688,0,1
037196,0,0
037704,0,1
038212,0,0
038334,2,0
038720,0,1
039228,0,0
039736,0,1
039880,2,1
040244,0,0
040752,0,1
041260,0,0
041768,0,1
042276,0,0
042784,0,1
042940,2,0
043292,0,0
043800,0,1
044028,2,1
044308,0,0
044816,0,1
045324,0,0
045832,0,1
046340,0,0
046848,0,1
047356,0,0
047598,2,0
047864,0,1
048006,2,1
048372,0,0
048880,0,1
049388,0,0
049896,0,1
050404,0,0
050912,0,1
051420,0,0
051474,2,0
051928,0,1
052171,2,1
052436,0,0
052944,0,1
053452,0,0
053960,0,1
054468,0,0
054976,0,1
055484,0,0
055758,2,0
055992,0,1
056234,2,1
056500,0,0
057008,0,1
057516,0,0
058024,0,1
058532,0,0
059040,0,1
059548,0,0
059549,2,0
060056,0,1
060246,2,1
060564,0,0
061072,0,1
061580,0,0
062088,0,1
062596,0,0
063104,0,1
063358,0,0
063612,0,1
063866,0,0
064120,0,1
064374,0,0
064628,0,1
064882,0,0
065326,2,0
065898,0,1
066161,2,1
066406,0,0
067422,0,1
067930,0,0
068438,0,1
068700,1,1
068785,1,0
068946,0,0
069003,1,1
069454,0,1
069578,1,0
069877,2,0
069962,0,0
070470,0,1
070630,1,1
070753,1,0
070961,1,1
070978,0,0
071091,1,0
071486,0,1
071580,1,1
071994,0,0
072242,1,0
072502,0,1
072673,1,1
072758,1,0
072976,1,1
073010,0,0
073518,0,1
073551,1,0
074026,0,0
074525,2,1
074534,0,1
074739,1,1
074834,1,0
074945,1,1
075042,0,0
075154,1,0
075509,1,1
075550,0,1
075767,1,0
076058,0,0
076064,1,1
076566,0,1
076627,1,0
076790,1,1
076875,1,0
077074,0,0
077093,1,1
077582,0,1
077668,1,0
078090,0,0
078095,2,0
078598,0,1
078720,1,1
078843,1,0
079051,1,1
079106,0,0
079181,1,0
079614,0,1
079670,1,1
080122,0,0
080332,1,0
080630,0,1
080763,1,1
080848,1,0
081066,1,1
081138,0,0
081641,1,0
081646,0,1
082154,0,0
082662,0,1
082829,1,1
082924,1,0
083035,1,1
083170,0,0
083212,2,1
083244,1,0
083599,1,1
083678,0,1
083857,1,0
084154,1,1
084186,0,0
084640,2,0
084694,0,1
084717,1,0
084776,2,1
084776,3,1
085202,0,0
085710,0,1
086218,0,0
086726,0,1
086799,2,0
087234,0,0
087742,0,1
088250,0,0
088758,0,1
088805,2,1
089266,0,0
089774,0,1
090282,0,0
090790,0,1
091298,0,0
091806,0,1
091870,2,0
092314,0,0
092822,0,1
093330,0,0
093838,0,1
093867,2,1
094346,0,0
094854,0,1
095362,0,0
095654,2,0
095870,0,1
096378,0,0
096886,0,1
096913,2,1
097394,0,0
097902,0,1
098410,0,0
098918,0,1
099426,0,0
099934,0,1
100211,2,0
100442,0,0
100950,0,1
100993,2,1
101458,0,0
101966,0,1
102474,0,0
102982,0,1
103490,0,0
103998,0,1
104506,0,0
104523,2,0
105014,0,1
105090,2,1
105522,0,0
106030,0,1
106538,0,0
107046,0,1
107554,0,0
107861,2,0
108062,0,1
108570,0,0
109078,0,1
109340,2,1
109586,0,0
110094,0,1
110602,0,0
111110,0,1
111618,0,0
112126,0,1
112380,0,0
112634,0,1
112888,0,0
113142,0,1
113396,0,0
113650,0,1
113904,0,0
114780,2,0
114920,0,1
115273,2,1
115273,3,0
115428,0,0
116444,0,1
116952,0,0
117460,0,1
117558,1,1
117643,1,0
117861,1,1
117968,0,0
118436,1,0
118476,0,1
118523,2,0
118984,0,0
119488,1,1
119492,0,1
119611,1,0
119819,1,1
119949,1,0
120000,0,0
120438,1,1
120508,0,1
121016,0,0
121100,1,0
121524,0,1
121531,1,1
121616,1,0
121834,1,1
122032,0,0
122409,1,0
122540,0,1
123048,0,0
123451,2,1
123556,0,1
123597,1,1
123692,1,0
123803,1,1
124012,1,0
124064,0,0
124367,1,1
124572,0,1
124625,1,0
124922,1,1
125080,0,0
125485,1,0
125588,0,1
125648,1,1
125733,1,0
125951,1,1
126096,0,0
126526,1,0
126604,0,1
127112,0,0
127155,2,0
127578,1,1
127620,0,1
127701,1,0
127909,1,1
128039,1,0
128128,0,0
128528,1,1
128636,0,1
129144,0,0
129190,1,0
129621,1,1
129652,0,1
129706,1,0
129924,1,1
130160,0,0
130499,1,0
130668,0,1
131176,0,0
131592,2,1
131684,0,1
131687,1,1
131782,1,0
131893,1,1
132102,1,0
132192,0,0
132457,1,1
132700,0,1
132715,1,0
133012,1,1
133208,0,0
133575,1,0
133716,0,1
133722,1,1
133901,1,0
134013,1,1
134224,0,0
134732,0,1
134743,1,0
134801,1,1
134888,1,0
134890,2,0
135038,1,1
135240,0,0
135297,1,0
135430,1,1
135519,1,0
135643,1,1
135733,1,0
135748,0,1
136049,1,1
136256,0,0
136467,1,0
136539,1,1
136764,0,1
136884,1,0
136913,2,1
137004,1,1
137272,0,0
137780,0,1
138288,0,0
138422,1,0
138715,2,0
138728,1,1
138796,0,1
138936,2,1
139304,0,0
139812,0,1
140320,0,0
140865,1,0
142557,2,0
142557,7,1
144800,4,1
154163,7,0
178289,3,1
178289,4,0
178587,1,1
178672,1,0
178890,1,1
179465,1,0
180517,1,1
180640,1,0
180848,1,1
180978,1,0
181467,1,1
182129,1,0
182560,1,1
182645,1,0
182863,1,1
183438,1,0
184626,1,1
184721,1,0
184832,1,1
185041,1,0
185396,1,1
185654,1,0
185951,1,1
186514,1,0
186677,1,1
186762,1,0
186980,1,1
187555,1,0
188607,1,1
188730,1,0
188938,1,1
189068,1,0
189557,1,1
190219,1,0
190650,1,1
190735,1,0
190953,1,1
191528,1,0
192603,2,1
192716,1,1
192811,1,0
192922,1,1
193131,1,0
193486,1,1
193744,1,0
194041,1,1
194604,1,0
194751,1,1
194930,1,0
195042,1,1
195772,1,0
195830,1,1
195917,1,0
196067,1,1
196326,1,0
196459,1,1
196504,2,0
196548,1,0
196672,1,1
196762,1,0
197078,1,1
197413,2,1
197496,1,0
197568,1,1
197913,1,0
198033,1,1
199451,1,0
199757,1,1
199844,2,0
200310,0,1
200421,0,1
200507,2,1
200796,0,0
200933,0,1
201314,0,0
201437,0,1
201829,0,0
201894,1,0
202394,0,1
202902,0,1
203037,1,1
203122,1,0
203340,1,1
203410,0,0
203915,1,0
203918,0,1
204037,2,0
204426,0,0
204934,0,1
204967,1,1
205090,1,0
205298,1,1
205428,1,0
205442,0,0
205917,1,1
205950,0,1
206458,0,0
206579,1,0
206966,0,1
207010,1,1
207095,1,0
207313,1,1
207474,0,0
207888,1,0
207982,0,1
208490,0,0
208854,2,1
208998,0,1
209076,1,1
209171,1,0
209282,1,1
209491,1,0
209506,0,0
209846,1,1
210014,0,1
210104,1,0
210401,1,1
210522,0,0
210964,1,0
211030,0,1
211127,1,1
211212,1,0
211430,1,1
211538,0,0
212005,1,0
212046,0,1
212383,2,0
212554,0,0
213057,1,1
213062,0,1
213180,1,0
213388,1,1
213518,1,0
213570,0,0
214007,1,1
214078,0,1
214586,0,0
214669,1,0
215094,0,1
215100,1,1
215185,1,0
215403,1,1
215602,0,0
215978,1,0
216110,0,1
216618,0,0
217126,0,1
217166,1,1
217261,1,0
217372,1,1
217581,1,0
217634,0,0
217914,2,1
217936,1,1
218142,0,1
218194,1,0
218491,1,1
218650,0,0
219054,1,0
219158,0,1
219201,1,1
219380,1,0
219492,1,1
219666,0,0
220174,0,1
220222,1,0
220280,1,1
220367,1,0
220450,2,0
220517,1,1
220682,0,0
220776,1,0
220909,1,1
220998,1,0
221122,1,1
221190,0,1
221212,1,0
221528,1,1
221698,0,0
221946,1,0
222018,1,1
222206,0,1
222351,2,1
222363,1,0
222483,1,1
222714,0,0
223222,0,1
223730,0,0
223901,1,0
224116,2,0
224207,1,1
224238,0,1
224578,2,1
224746,0,0
225254,0,1
225762,0,0
226270,0,1
226344,1,0
226436,2,0
226778,0,0
227286,0,1
227794,0,0
228302,0,1
228810,0,0
229318,0,1
234778,END,0